M : 0.11302
J : 0.09132
N : 0.074141
- : 0.068716
G : 0.066004
$ : 0.066004
P : 0.059675
T : 0.042495
= : 0.039783
L : 0.038879
3 : 0.035262
! : 0.031646
I : 0.029837
D : 0.028029
Q : 0.027125

 : 0.022604
K : 0.019892
X : 0.016275
A : 0.016275
F : 0.013562
C : 0.01085
V : 0.01085
U : 0.009946
O : 0.009946
B : 0.009042
Y : 0.009042
  : 0.008137
S : 0.008137
9 : 0.008137
H : 0.006329
R : 0.002712
8 : 0.002712
Z : 0.001808
> : 0.000904
E : 0.000904
