Анализ частотности символов в тексте
'Z': 0.120666
'9': 0.091540
'E': 0.085992
'n': 0.067961
'I': 0.065187
'A': 0.059639
'C': 0.058252
'F': 0.056865
'!': 0.051318
'W': 0.033287
'h': 0.033287
'P': 0.030513
'U': 0.029126
'V': 0.029126
'x': 0.024965
'O': 0.020804
'K': 0.016644
'S': 0.015257
'-': 0.015257
'M': 0.013870
'=': 0.012483
't': 0.011096
'B': 0.011096
'J': 0.011096
'L': 0.008322
'$': 0.006935
'3': 0.004161
'R': 0.004161
'Q': 0.002774
'G': 0.002774
'>': 0.001387
'Y': 0.001387
'8': 0.001387
'd': 0.001387
Всего символов (без пробелов): 721
Уникальных символов: 34
