V = 0.127917
P = 0.089888
R = 0.082973
J = 0.061366
L = 0.057908
8 = 0.057908
9 = 0.056180
- = 0.049265
$ = 0.048401
W = 0.044080
M = 0.039758
K = 0.028522
! = 0.027658
B = 0.025929
F = 0.024201
E = 0.023336
Z = 0.022472
3 = 0.020743
Y = 0.015557
A = 0.014693
h = 0.014693
x = 0.011236
d = 0.008643
t = 0.008643
U = 0.007779
= = 0.006914
C = 0.006050
I = 0.004322
n = 0.003457
O = 0.003457
S = 0.002593
G = 0.001729
Q = 0.001729