V = 0.127807
P = 0.089810
R = 0.082902
J = 0.061313
L = 0.057858
8 = 0.057858
9 = 0.056131
- = 0.049223
$ = 0.048359
W = 0.044041
M = 0.039724
K = 0.028497
! = 0.027634
B = 0.025907
F = 0.024180
E = 0.023316
Z = 0.022453
3 = 0.020725
Y = 0.015544
A = 0.014680
h = 0.014680
x = 0.011226
d = 0.008636
t = 0.008636
U = 0.007772
= = 0.006908
C = 0.006045
I = 0.004318
n = 0.003454
O = 0.003454
S = 0.002591
G = 0.001727
Q = 0.001727
> = 0.000864