Total chars (no newlines): 795
Unique symbols: 32

Top frequency symbols:
'A'        :    96  (0.120755)
'Y'        :    80  (0.100629)
'-'        :    60  (0.075472)
'J'        :    57  (0.071698)
'$'        :    57  (0.071698)
'L'        :    50  (0.062893)
'S'        :    48  (0.060377)
'Q'        :    32  (0.040252)
'I'        :    32  (0.040252)
'x'        :    31  (0.038994)
'O'        :    26  (0.032704)
't'        :    24  (0.030189)
'K'        :    22  (0.027673)
'G'        :    18  (0.022642)
'3'        :    17  (0.021384)
'8'        :    15  (0.018868)
'!'        :    13  (0.016352)
'R'        :    13  (0.016352)
'F'        :    13  (0.016352)
'd'        :    12  (0.015094)
'h'        :    10  (0.012579)
'W'        :    10  (0.012579)
'='        :     9  (0.011321)
'Z'        :     9  (0.011321)
'n'        :     9  (0.011321)
'U'        :     8  (0.010063)
'C'        :     6  (0.007547)
'B'        :     6  (0.007547)
'E'        :     4  (0.005031)
'>'        :     4  (0.005031)
'M'        :     3  (0.003774)
'9'        :     1  (0.001258)