ЧАСТОТЫ СИМВОЛОВ В ЗАШИФРОВАННОМ ТЕКСТЕ:
O: 0.114350
7: 0.090807
X: 0.078475
I: 0.076233
K: 0.071749
Q: 0.069507
E: 0.068386
P: 0.062780
1: 0.052691
U: 0.051570
=: 0.032511
ПРОБЕЛ: 0.025785
J: 0.022422
T: 0.021300
Y: 0.016816
<: 0.015695
0: 0.014574
y: 0.012332
%: 0.012332
A: 0.012332
D: 0.010090
N: 0.008969
9: 0.008969
Z: 0.007848
s: 0.007848
R: 0.006726
3: 0.006726
i: 0.005605
-: 0.003363
F: 0.003363
o: 0.003363
H: 0.001121
8: 0.001121
r: 0.001121
G: 0.001121